Waypoints = [60 90 5;
             60 250 10;
             -90 250 15;
             -90 120 10;
             50 150 0];
WPNum = 5;

%P0 = [-1.113,-0.795,0.129];
%A0 = [0,68.5,-8.848];